10 128
   0.0287811    -0.232795     0.597553     0.838398      1.28166    -0.944985     0.819879    -0.944255     0.144548    -0.698785   -0.0812926    -0.763323     -1.15245     0.634735     -0.28392     0.428482     0.243368     0.325698     0.450695    -0.850648     0.519355     -0.46719    -0.462092     -1.22333     0.900379       0.1523    -0.389838     0.165559    -0.222196     0.465588     0.459802  -0.00567325     0.117778    -0.382771     -0.65404     0.576866     0.441731     0.426567     -1.05563    -0.969508    -0.299081     0.207065     0.239576    0.0313162    -0.228259     0.731765    0.0532021    -0.287276     -0.52663    -0.794534     0.444529     0.603333     0.531548    -0.881137  -0.00996358     0.420402      0.12004    -0.390319     0.389322    0.0517684     -1.28537    -0.318548    -0.300011     0.611507      0.63128     -1.23739     0.218993     0.229653     0.746882     0.397414    -0.449021    -0.652069    -0.024745     0.812309   -0.0468909    -0.100784    -0.771767    -0.256848      1.04907    -0.781999     0.842472    -0.656538     0.744311     -1.02199     -0.83312    -0.162454    -0.403087   0.00193716     0.372482     0.614764    -0.586306     0.337344     0.849497     0.169279    -0.322212     0.677501    -0.238876     0.467614    -0.246745    -0.107038     0.610849    -0.174252     0.829298     0.477052      0.38508    -0.372441     0.853815     0.344734     0.463634      1.12692     0.319059     0.335135    -0.417761     0.506836     0.105481    -0.189952     -1.08269    -0.804179    -0.935182     -0.14568  -0.00989942     0.911415     0.509594     0.936918     0.469281     0.856636     0.657821     0.382152
    -0.51853   -0.0722994     0.313791     0.945409    -0.106739    -0.181325      1.04147     0.792974     0.152422     0.170241     -0.54878      1.15625     0.051474     0.301519   -0.0472549     0.497689     0.575499    -0.439788     0.270755    0.0050524    -0.469417    -0.923781      1.02596      1.20922    -0.331685    -0.956404     0.564121    -0.538227     0.782717     0.381355     0.297663     0.358279     0.243925     0.269457   -0.0430419    -0.767155    -0.513873      0.35199    -0.302264     0.184639     0.518655   0.00706126     0.415134    -0.613535    -0.202313    -0.794317     0.958807    -0.952813      0.12038     0.808992    -0.489331   -0.0184166    -0.716388    -0.318554    -0.954643      0.45363    0.0109205    -0.789893     0.296321     0.134055    -0.731593    -0.720527     0.603287      0.56404     0.432348     0.171224     -0.20671    -0.804824     0.236834    0.0122789    -0.428128    0.0257599    -0.116259    -0.530539     0.227871    -0.954181    -0.270633     -1.11604    -0.367073    -0.406656    -0.473759     0.408547   -0.0374224    -0.238502     0.946707    -0.978809   0.00379016    0.0890677     0.263756     0.479814     0.635988    -0.825004    -0.632243     0.820588     0.906731     0.670792     0.648782    -0.109908     0.418729    -0.767738    -0.271288 -8.89835e-06     0.538134    -0.909195     0.751472      -1.0195    -0.811465   -0.0518269    -0.683857    -0.553284    -0.592413     0.662826   -0.0695617     0.346352     0.700865     -1.05821    -0.272322    -0.426907     0.598956    -0.497939      1.02725    -0.404706     0.288939    -0.208345     0.191427     0.450464      0.83585    -0.119063
    0.426887    -0.584946     0.300317     0.724391     0.392396     0.878767    -0.220547     -1.12976     0.480167     0.566627    -0.360428     0.118845   -0.0221389     0.314048    -0.375656     0.907996    -0.220884   -0.0797782    -0.285507     0.234739     -1.08029    -0.335417    -0.119167    -0.595122   -0.0771037     -1.61227     0.600798    -0.446671   -0.0599134    -0.738556    -0.445526     -0.25265    -0.393364   -0.0489243    -0.472702    -0.657693    -0.171615     0.594771    0.0640871     0.933091      0.69552     0.169115      0.76245     0.547426    -0.576911    0.0516034   -0.0233935     0.205982     0.203103     0.578714    -0.839647     0.951448    -0.732184    -0.131858    -0.363564     0.435727    -0.217029     0.451293     0.642739      1.01193    0.0811937     0.127794     0.571827     0.884655    -0.567531    -0.336207    -0.282777      -0.2872     -0.88217     0.437679     0.296998     0.283824   -0.0404222   -0.0176748    -0.142729     0.778966     0.435827     0.106095     0.239008     0.330046   -0.0872298      1.09163    -0.940506     -1.22852    -0.390572     0.257358    0.0984725    -0.334144    -0.860959     0.752566    -0.679182      0.77498     0.444275    0.0275113      0.68026     0.497746     0.211804    -0.297061    -0.170505    -0.134812    -0.174118    -0.379035    -0.132193     -1.04678    -0.407218   -0.0900215     0.809123    -0.711039    -0.482016     0.147626    -0.845076   0.00996066      -0.3341     0.597003     0.602117  -0.00402514     0.375354    -0.687821     0.498311     0.351077     -1.07967    0.0846354     0.874129    -0.112571    -0.168439    -0.777556    -0.619241     -0.64967
    0.290561     0.683434      1.20871     0.237066     0.284348     -0.73399     0.654749    -0.302038     -0.11028     0.645371    -0.374728    -0.593892    -0.146034    -0.447176     0.628659     0.293785     0.118099    0.0735313    0.0156469    -0.370278    -0.476222    -0.934177      0.16362     0.322747     0.428977    -0.584655     0.179887    -0.109177     0.486493     0.596144     0.831684     0.343937    -0.305953    -0.954075    -0.658545    -0.189446    -0.738325    -0.286786     -1.01633    -0.804469      1.02405    -0.745364    -0.546474     0.658865      0.83263    -0.797564   -0.0876642      0.41197     -0.23106    -0.384386    -0.413263   -0.0835179     0.794134    -0.412177     0.117595      0.55311     -1.13231    -0.345118    -0.831471    -0.484618     0.868579    -0.350828     0.013328    -0.539484    -0.227379     0.474753   -0.0674626    -0.719218     0.091717      1.08722      1.19931    -0.356383     0.172864    -0.568364    -0.362627     0.883445     -1.08067    -0.954697    -0.460604     0.364073    -0.028698    -0.162666    -0.847383     0.896698    -0.351579    -0.365249     0.410199    -0.112889     -0.95735     0.653142    -0.327565    -0.789056     -1.00034     0.778948    -0.324029    -0.441977      1.11475    -0.857768     0.120575    -0.455453     0.865876    -0.478132     0.438817     0.589331    -0.389241    -0.522166    -0.634712      -0.0367     0.386659     -1.23561    -0.448145     0.624906    -0.433612      0.67022     0.225184    -0.331128    -0.361464    -0.786592    -0.798328    -0.638882    -0.909293      1.18741     0.673845     -1.49287    -0.844891      0.75143     0.324077     0.057914
   -0.475804    -0.673639    -0.597344     0.793027     0.162896    -0.707056     0.283523    -0.522499     0.116397      0.49966     0.682998    -0.734259     0.289135    -0.460382     0.989045    -0.812611    -0.411919    -0.417357    -0.850765    -0.567647    -0.504879     0.666212    -0.775824    -0.741984     0.848504     0.995467     -0.53049      0.40139     0.208579     0.936809    -0.306426     0.914791     -1.37271     0.320297     0.167716     0.774799     0.270747    -0.268376    -0.641852      0.62128     0.746407     0.848091    -0.577395     -1.54148    -0.370367    -0.994069     -0.59186     0.565137     0.215221    -0.309413     0.592183     0.575298     0.786574    -0.256264     0.387312    -0.934203     0.639692    -0.918966      1.13676    -0.443536    -0.420846    -0.565632     0.444082     0.196315    -0.178104     -0.87302    -0.594333    0.0743665    -0.518521    -0.298707   -0.0797579      1.07369    -0.618689    -0.878343    -0.713466     0.408466     0.380529    -0.946292     -1.23673    -0.242174     0.165749    -0.372731     0.117239    -0.465335    -0.460035    -0.143038   -0.0654074    -0.469368    -0.746917     0.397694      0.65889      0.76108     -0.58778    -0.405589     0.671297    -0.205795    -0.445835     0.542345    -0.636478     0.239132     0.602365     0.688177    -0.847696      0.89586     0.926249      1.15078    -0.833918    -0.260686    -0.243187     0.479062    -0.524574     -0.82399     0.366552    -0.584249     0.334418    -0.381588     0.266714    -0.519058   -0.0116004     0.410909   -0.0136636    -0.727601     0.766819      0.59729       0.1541    -0.980626     0.166633     0.115087
    0.829507    -0.748995     0.188476      -0.7409     -1.04613     0.986446     0.477973      0.28715    -0.733806      0.19492     0.438341      0.37653     0.702869     0.286042    -0.886393     0.299122     0.581775    -0.267226      0.14202    -0.293485      1.11304    -0.348466    -0.588219     0.121548     0.781984    -0.175354     0.168634    -0.944121    -0.368372      0.36956    -0.239118     0.706847   -0.0694562   -0.0845323    -0.897476     0.882003    -0.662352      1.04934     0.369887     0.249722     -1.16716     0.472135    -0.465397    -0.263272    -0.658499     0.271024    -0.832753    -0.524816     -0.20237   -0.0715337    -0.671856     0.791708    -0.764566      0.86513    -0.361007      1.10513     0.326563    -0.192637     0.832986    -0.921595     0.651305      -1.0561     -0.61412     -0.75033    -0.748077     0.249034    -0.237429      -0.4384     0.762538    -0.100796     0.356706     0.424881    -0.384583     0.130501     0.840558     0.253302     0.713287    -0.607141      0.34349     0.353897     0.294357     -0.46784    -0.648233     0.254561    -0.255279     0.745061     0.354469    -0.272314     0.661961     0.869548     0.648893     0.131378     -1.38981    -0.820853     -0.65406    -0.347084      -1.2577     0.646226   -0.0202634     0.822541    -0.199203    -0.479038    -0.336616     -1.05605    -0.803041    -0.565597     -0.74622    -0.369358    -0.655496     0.344186     0.747084    -0.367072     0.473788    -0.866971    -0.652376     0.797652     -0.68451  -0.00142028     0.104006    -0.181028     0.929068     0.880388    -0.370504    -0.801175    -0.673651     0.337646      1.01562     0.189034
   -0.770462    0.0489796   -0.0281772    -0.292993    -0.705761     0.768135    -0.196105     0.876928    -0.950042    -0.707779    -0.693702     0.938796    -0.157163     0.669636     0.466395      0.34802     0.272263    -0.132296    -0.334664     -1.15694     0.496141    -0.572321     0.809115     0.731823     0.287268     0.462793    -0.588806     0.173136    -0.954381     0.718273     0.710212   -0.0732918     0.612057     0.212183     0.577915     0.265928    -0.117196    -0.312712    -0.447709     0.109871     0.414913     0.443557      1.00886     0.768346  -0.00405795    -0.861831     0.203615    -0.838079    -0.711494    -0.154084    -0.214607     0.972534    -0.932969     0.370902     0.534723     0.301935     0.293382    -0.565618    -0.457276     0.205066    -0.753254     0.891206    -0.235256    -0.953564     0.319478     0.208467      1.10323     0.596724     -0.28319    -0.784299    -0.524662     0.304316     0.504641    -0.895747     -0.97324    -0.869077     0.669819    -0.462245    -0.420692    -0.840119     0.711772     -1.06592     0.851006    -0.670505    -0.896564   -0.0185872     0.919083    0.0917859    -0.357934     -0.52348     0.798824    -0.730396     0.738981    0.0877366    -0.183682     0.401361     0.212931    -0.126006    0.0514883    -0.262776     0.551966     0.265563     0.239407     -1.33036      0.38381     0.204506    -0.660698     0.863642    -0.788226     0.040888     0.952032    -0.946578     0.568508      0.57558      0.36692      1.18576    -0.863756    -0.409187     -0.58774     0.554277    -0.653818    -0.744329     0.618544     0.927344    -0.611954      0.51627     0.199401      -1.1368
  -0.0550609    -0.672828    -0.936199    -0.371197      -1.0379    0.0145781    -0.314479     0.121441     0.571495     -1.07276     0.303076    0.0559596     0.521775    -0.169048     0.167122    0.0624132      1.00144     0.846382    -0.931534      0.17348     0.150663      1.19236    -0.948723    -0.481816    -0.103381      -1.1374     0.914818     0.289784    0.0432923    -0.367686     0.340291     0.708387     0.149598    -0.319973     -1.18207    -0.434686     0.324643    -0.846461    -0.153972      -1.2176    -0.688147    -0.783856     -1.20932     0.534868    -0.334599    -0.818894     0.619636     0.315258    -0.796255      1.13235     0.693512     0.770821     0.345956     0.619453   -0.0257553     0.926877     0.194059   -0.0609227    -0.100331     0.736677    -0.827949    -0.328395   -0.0541125    -0.668348    -0.151526     0.407006    -0.789134   0.00283359    -0.563315     -1.02543     -0.27965      0.61382    -0.576875     -0.48737    -0.753261     0.404819    -0.667048   -0.0712634     0.786371    -0.694646     0.726629      1.07403    0.0404615    -0.102612    -0.744123     0.848762    -0.105206   -0.0973654   -0.0277409     0.780887     0.442552     0.848949    -0.231649    -0.326772    -0.531584    -0.831717     0.440344      -0.2407     0.525647     0.448896    -0.461316     0.557371     -0.72817     0.700365    -0.547052     0.788376    -0.856839     0.175974    0.0254903     0.266524     0.520087     0.823164    -0.843235     0.580767    -0.297007    -0.857084     0.952856    -0.387789    -0.669624      1.05477     0.201539     0.526595    0.0776661     -1.19972    -0.954886    0.0439353    -0.545304     0.263576
    0.325717    0.0398041      0.36675    -0.157588     0.517196     0.394102     0.342061    -0.243801    0.0819733     -0.78347      -0.6907    -0.656229     0.141283     0.482674    -0.494227     0.821398    -0.615129     -0.89135     0.155875    -0.701425    -0.611296     -0.63256     0.983731    -0.759494   0.00834071     0.860715    0.0949484      1.00431   -0.0362097     0.213428     0.726178    -0.707444    -0.107895    -0.814977    -0.456547     0.192997       0.8301    -0.277505   -0.0972205    -0.956978     0.116483       0.1774    -0.432372   -0.0345117    -0.183091     0.531061     0.351129     0.184877    -0.676139    -0.838329     0.477611     0.687226     -0.30146     0.791198     0.523692     0.717386    -0.822951    -0.783263     0.593604     -1.12645     0.626285    0.0343753    -0.216953   -0.0732693     0.295305     -0.57708     0.192294    0.0688363     0.161193    -0.642367     0.914538     0.171839    -0.218149    -0.133575      1.26169     0.531638     0.248915     0.958519   -0.0260965   -0.0501045    -0.631211     0.653199     0.723171     0.685711     0.835863    0.0883834    -0.244836      1.23828     0.375603     0.117349     0.544781     0.109172      1.03215    -0.835576     0.371952    -0.588949     0.124549     0.924217    -0.497302     0.416048   -0.0725051    -0.486179    -0.556433     0.999456   -0.0919827     -1.09364    -0.565458    -0.140653    -0.788522       0.4099     0.244059     0.590902     -1.02311   -0.0592013    -0.472397    -0.619753    -0.816799    -0.120975      0.21424    0.0148074    -0.172617     -1.28475     0.467753   -0.0017547    -0.227577     0.223467   -0.0838557    -0.411957
    0.547168    -0.728879    -0.508096    -0.236795      0.73639     0.707669    -0.975354     0.750539     0.697537     0.206773    0.0820733    -0.833235      0.62232    -0.776253    -0.242115    -0.505428    -0.344818    -0.664917    -0.892847     0.808688     0.110654    -0.260972   -0.0869447    -0.225142    -0.159347     0.914417    -0.352632    -0.614017      0.50358    -0.329968    -0.126265     -0.82231      1.27283    0.0805645     0.138192     0.416198     0.443541    -0.834252     -0.64104     0.736992    -0.926655      0.14097    -0.990652     0.621638    -0.588249     -0.25516     0.484042     0.302846     0.733648     -1.16632    -0.541546     0.472024    -0.551199    -0.534141    -0.836323     0.207666     0.454559      -0.4069     -1.08264   -0.0709248     0.822506     0.483501    -0.763899    0.0835967    -0.530249   -0.0566932     0.177681     -0.69653    -0.637046     0.621535   -0.0731661    -0.861002      1.26175     0.541303    -0.498497     0.749244    -0.627657    0.0518657    -0.648615     0.704964     0.788783     -0.22373    -0.512024    -0.339909     0.692071   -0.0389854   -0.0673228    -0.486214     0.221259     0.712319    -0.677469     -0.19744     0.475298     0.877719     0.455156     0.482222     0.318425    -0.707579     0.386681     0.180871     -1.01406     0.897012     0.466128     -0.50967     0.220323      1.05515     0.207626    -0.326189     0.873931     0.275002    -0.936667     0.381636    -0.998698     0.703451     0.702629    -0.948151    -0.776413    -0.266306     0.985486    -0.997739     -1.00672    -0.644401     0.338434    -0.509701    -0.415361     -1.42461     0.600391     0.294606
