20 30
   -0.45081   -0.583834    0.588877    -1.02729    0.227689    0.923821   -0.186524     0.63507   -0.794582     -1.0329   0.0115185   -0.350868    0.290575    -1.00431 -0.00487611    0.764666    0.363578   -0.504151   -0.581292   -0.376944    0.842718    0.488365   -0.860952     0.84926  -0.0608367    0.848432    0.445557    0.772945    0.619744   -0.293418
  -0.321738    0.779958   0.0707428   -0.211321    -0.61026    0.427483   -0.308894   -0.349148    0.639848    0.261206    -0.25317    0.808701   -0.860863      1.0084   0.0345062    0.718764   -0.429642    0.779899    0.656119  -0.0103679    0.338279   -0.324503    0.481731    0.864514    -0.51723   -0.115717    -0.75667   -0.245181    -0.32173   -0.656766
   0.423756    0.886541   0.0612516   -0.857243   -0.138908    0.101148    -1.01246    0.658533   -0.192809    0.773203    0.803143    0.159983   -0.199959    0.163213   -0.998913   -0.697036   -0.961003  -0.0281519    0.901417  -0.0295614   -0.814593   -0.673236   -0.143975    0.338702    0.310503   -0.149873    0.546197   -0.595437   -0.147433    0.339646
     1.0425   -0.252892    0.659898  -0.0467192   -0.232957   -0.430657    0.481601   -0.295613  -0.0988612   -0.165589  -0.0840343   -0.131986   -0.455335   -0.108542    0.479553   -0.757046   -0.618077   -0.301553   0.0118099    0.592979   -0.517364    -0.80111    0.180535     1.00777     1.02613    0.906288   -0.341632    0.385702    0.518928   -0.441982
   0.563091    0.045365    -0.22721    0.618603   -0.526687   0.0663678   -0.209407   -0.256119    0.817859    0.952754    0.418487  -0.0888137   -0.195958   -0.549952    0.255673    0.324181   0.0615405    -0.50798     0.72875    0.108831    0.220074    0.609088    -1.01702    0.517384    -1.20582    0.389332   -0.733068    0.393019    0.903967   -0.116682
     0.6716   -0.354399    0.637727   -0.588064  -0.0879532  0.00139462   -0.122763    0.946035  -0.0812088   -0.237268   -0.245837    0.115183     0.44586    0.247817    0.326351   -0.421735   -0.898273   -0.446734    0.671526    0.590432    0.759791   -0.186442   -0.876781    0.488789   -0.658069   -0.829341    0.108922  -0.0259317   0.0266024   0.0323118
  -0.117819   -0.288995    -0.47583    0.650296   -0.244943   -0.973704    0.164385   -0.742934    0.161501    0.825215   -0.573772   0.0424715    0.724831    -1.03901   0.0829548   -0.318503  -0.0226846    0.245524   -0.374021   -0.559358    0.532817     0.52096   -0.119272     1.06443   -0.341594    0.410644    0.235575     0.62359   -0.810382    -1.02011
  -0.130478    0.455211     0.46493    0.775924    0.759771    0.769019   -0.189577    0.447549    0.729532   -0.147475    -0.58949   -0.138034  -0.0304459   -0.481237  -0.0385387   0.0552871   -0.586873    0.122027    0.929674    0.745029   -0.834462     -1.1288    0.101108   -0.198233    0.104594    0.266449  -0.0673742   -0.782018    -0.72039    0.900083
  -0.798377   -0.682506     0.79417   -0.286589   -0.252907    0.242196    0.135788   -0.624759   -0.150322    0.800547   -0.836422   -0.532309    0.797631    0.265668   -0.659349   -0.421803 -0.00770498   -0.263087     0.54667  -0.0669803   -0.235646   -0.532963   -0.787519     0.11125  -0.0968325    0.935414  -0.0535232   -0.158926   -0.769631   -0.187882
  -0.299229    0.122403    0.897544    0.403366    0.045616    0.297745   -0.591929    0.244138    0.102984   -0.621868   0.0541213   -0.750333   0.0022822    0.656142    0.912634    0.949143   0.0733261    0.796211    -1.02171   -0.384796   -0.180492   -0.382983    0.198718      0.2859   -0.296933   -0.069073   -0.479476    0.933954   -0.992154   -0.528922
   0.528932    0.985828   -0.910191   -0.694069   -0.194213    -1.01093    -1.01172   -0.749085  -0.0123598   -0.303451   -0.422099    0.449057    0.390138    0.596649   -0.487589    0.877375   0.0308532   -0.716633    0.808654     0.51464   -0.653654   -0.499753   0.0953215     0.86689     0.19481     0.45322   -0.484264    0.975963   -0.930749   -0.773572
  -0.873638    0.103124    0.694847    0.156339  -0.0598767    0.246036     0.57351    0.623053   -0.199621    0.552858   -0.426034   -0.277566   -0.397864    0.448834     1.00703  -0.0573546   -0.908201   -0.381914   -0.634048    0.296242   0.0281887    -1.03299    0.996263    0.588285   -0.531642     0.24897    0.606748   -0.450888    0.381751   -0.122346
   0.596593    -1.16145    0.160558    0.790109   -0.146416    0.461852   -0.308282   -0.442077    0.612815   -0.258235   -0.204298   -0.443778   -0.125788   -0.319103    0.101886    0.184894   -0.292158    0.822668   0.0798575   -0.710369    0.646456   0.0709542   -0.231982   -0.190156   -0.399648   -0.889483    0.182007    0.825468    0.661782   -0.892139
   0.867107  -0.0731317     0.84609    0.924872    0.867947    0.773293   -0.576624  -0.0270433    0.981892   -0.210748   -0.395387    0.902374    0.781911     0.81161   -0.428906   -0.617942    0.332715  -0.0979028   -0.864539    0.549198   -0.355594    -0.18964    0.100582    0.202594    0.972675    0.166784    0.264289   -0.069002   -0.586703    0.437404
  0.0789415    0.241568   -0.218068    0.510211   -0.856693    0.804751   -0.620159   -0.902497    0.431781    0.892234   -0.652166    0.998979   -0.955619    0.857834    0.416558   -0.710727   -0.655515    0.842486    0.219409     0.29149   -0.533246    0.187983    0.302967    0.550653   -0.331883    0.371399    0.660494   -0.174173    0.685041    0.554144
    0.01884  -0.0590366   -0.534576   -0.910872 -0.00991652   -0.407789   -0.791895   -0.254406  -0.0131379   -0.284555   -0.242277   -0.252886   -0.779545    0.409734   -0.839912   -0.183778   -0.792072    0.491645    0.821067   -0.212129   -0.193905  -0.0688545   -0.709946   -0.627642    0.100082   -0.677402      0.1188   -0.420266    0.977793    0.262603
   0.442743    0.720369   -0.785556    0.833702    0.316549    0.291268   -0.436611     0.95035    0.186265   -0.457602    0.594223   0.0895329   -0.978013    0.708392     0.84036    0.935678   -0.906666   -0.553967     1.02979   -0.626015   -0.299019   -0.601983    0.924588   -0.943695   -0.658118   -0.696962    0.484502   -0.226993   -0.580034   0.0488308
  -0.370483   -0.267753  -0.0494108    0.834689   -0.284497   -0.311689    0.361673    0.211327    0.533816    0.583285   -0.506434    0.597149    0.941415    0.256889  -0.0198996   -0.696398   -0.408848    0.741531   -0.898325   -0.440495    0.567367    0.524377    0.391714  -0.0648047    0.518897    -0.87525    0.558546    0.822077    0.555249   -0.135702
  -0.295444    -0.15095   -0.478979   -0.311368   -0.625679   -0.819098    0.244055     1.05411    0.294195   -0.232224   -0.336622    0.699647    0.487701   0.0470095    0.844433    0.200314     0.97184 0.000720698   -0.169648    0.964161   -0.615753     0.90925   -0.538921  -0.0851471    -0.75162  -0.0180843   -0.713915  -0.0257992   -0.784705    0.168298
   0.500538    0.106736   -0.256654    0.373033    -0.47075    0.742654   -0.162915   -0.386209    0.586707    0.145867    0.433484    0.700269    0.897227   -0.870837   -0.221577   -0.278824   -0.244822   -0.469828  -0.0218352   -0.795862   -0.614519     1.03947   0.0506736   -0.177181    0.704999  -0.0100825   -0.599227   -0.605233   -0.856605     0.29256
