10 20
   -1.07418    -1.14947   -0.559131   -0.269116   -0.769716   0.0162026    0.503999    0.459696    0.465585    0.631871    0.515494   -0.215758     0.24283   -0.698969    -1.06747   -0.266488    0.301473    0.223574    0.717653    0.688993
   0.955152   -0.527595    0.517846   -0.753378    0.634225    0.963199    0.326178     -1.1789    0.859563  -0.0165291   -0.307155   -0.327965    0.935969    -1.30933   -0.205222   -0.575647  -0.0407272   -0.356145    0.805839   -0.185952
   -0.23334   -0.198691    0.957819   -0.285162    -1.17797    0.930637    -0.76524    0.718476    0.753024   -0.233021    0.365483   -0.247669    0.284531    -1.00323  -0.0302299   -0.656038     0.53464   -0.986504    -0.55518    0.148939
   0.570665   -0.131454   -0.773564   -0.831276   -0.725364    0.678544     0.74493    0.107042   -0.642987    0.159781    0.838632   -0.933509  -0.0910347   -0.240171   -0.311663  -0.0490677   -0.565469   -0.556974    0.508904    -0.45172
  -0.979842    0.269181    0.527597   -0.800453    0.218413    -1.00839    0.785192    -0.30799    0.447493    -0.77649    0.631049  -0.0314035   -0.569377   -0.254725   -0.584401    0.993849   -0.557517    0.838013   -0.841715   -0.285281
   0.544817   -0.628476   -0.437625    0.420867    0.451532   -0.309791    0.126475   0.0772505    0.366218   -0.670887   -0.570381   -0.179706   -0.831879 -0.00319698    0.204629   -0.232933   -0.276209   -0.764638   -0.156268   -0.611505
   0.491133    0.312537   -0.204729    0.239276    -1.53836   0.0349931   -0.636129    0.793513    0.235682   -0.271562 0.000345202    0.168134    0.416678  -0.0365817     -1.1295   -0.292485   -0.340137    0.579897    -1.15903    -1.06222
   -1.16826    0.692633   -0.822343   -0.724385    0.828536  -0.0438971   -0.722102     0.22988   -0.665952    -1.29121    0.551189   -0.490674    0.714276     0.26662    0.182369   -0.649762    0.606605    -0.91152   -0.480195    -1.19188
   0.516495    -1.28362    0.273538    0.760894   -0.146675   -0.447634    0.294027   -0.205139    0.136426    0.313686    0.299407   -0.446954    0.183863    0.144246    0.113793   -0.312449    -1.01439   -0.505654   -0.886003    0.344488
   0.119929   -0.682994   0.0305194    0.289069   -0.136829   -0.459961   -0.166381   0.0266727   -0.585934   0.0397445   -0.814996   -0.312257   -0.502717   -0.262249    0.520106    0.607228     -0.9682   0.0755682   -0.881156    0.264755
